Architecture: combined
Number of States: 28
Parameters:
14.77672582122937
-15.0
-15.0
-15.0
-15.0
-15.0
-15.0
-15.0
-15.0
-15.0
-15.0
-15.0
-15.0
-15.0
-15.0
-15.0
-15.0
-15.0
-15.0
-15.0
-15.0
-15.0
-15.0
-15.0
-15.0
-15.0
10.24020778305841
-11.58245875023459
4.019072480507421
-3.0479144149270065
-1.2121345609168248
-2.7472189961777875
0.4699631038996869
-0.926182115903641
-0.17939318073544908
-1.0920997977914355
0.14212316287509
-0.6639370620420798
0.7211808249592271
0.8143165989293948
0.8628237679134837
0.3034251485711079
0.23491678423841314
1.0382932623182741
-0.027764261220837687
0.509259937684975
-0.030296722421000812
0.44165351498994615
-0.24633448297195779
1.2892038848285747
0.45691801264730253
0.7169715574882296
0.5044754079980911
0.2315930027827856
