Architecture: combined
Number of States: 16
Parameters:
15.0
-14.771810399512587
15.0
-14.838750955880919
15.0
-14.968744665503301
5.454184419859847
-11.83146397757154
4.740074645558319
-11.866974960336398
6.228430586990462
1.420613967287741
-13.816270752882659
-13.406961725902331
-15.0
-15.0
-15.0
-15.0
-15.0
-15.0
7.063350133157191
-14.964841439668186
5.6166815775801044
-5.634766628170991
1.543664976108996
-3.4386326314177564
0.018091519830854365
0.2004162779314766
7.480465862838881
-7.034490779636797
