Architecture: combined
Number of States: 14
Parameters:
14.937468576899173
-14.899574602680648
15.0
-14.912367089507134
10.676005483602347
-14.999018794014136
2.9138985536747373
-8.170261744401829
3.1370472872875057
-8.672191402892343
8.311606092585897
-15.0
6.894908967766379
-13.609180350399635
-4.523249997853383
-15.0
1.2801944091136512
-10.315011606691382
-4.490317297890237
-14.838364142227014
-8.349149180080781
-7.993818859930587
-11.416626860643778
-10.421553270453833
-12.341750404098478
-15.0
